1111111111101000100000011111010011100010000011000000000111110110
11111111111010001000000111110100111000100000110000000001111101101111
FFE881F4E20C01F6
-6612510676614666
111111111 prox
	11010
	00100
	00001
	11110
	10011
	10001
	00000
	11000
	00000
	01111
	10110

dark blue tag
111111111
	00011 1
	10001 8
	00000 0
	00000 0
	00110 3
	10010 9
	10111 b
	01100 6
	00101 2
	11000 c
	00000
	

0000 0000 0
0001 1000 8
0010 0100 4
0011 1100 c
0100 0010 2
0101 1010 a
0110 0110 6
0111 1110 e
1000 0001 1
1001 1001 9
1010 0101 5
1011 1101 d
1100 0011 3
1101 1011 b
1110 0111 7
1111 1111 f
